_C_85e2344a_0 8c 0 48 0 0 2025620a 0 70206973 0 4f 
_C_2905fdc4_0 8c 0 48 0 0 2025620a 0 70206973 0 49 
_C_69ec9caf_0 8c 0 80 0 0 73202562 0 66742069 0 20736869 0 4c656674 
_C_1ea0cbfa_0 8c 0 88 0 0 2025620a 0 74206973 0 73686966 0 65667420 0 4c 
_C_7a6ae02a_0 8c 0 50 0 0 25620a0a 0 20697320 0 4f70 
_C_ef01266_0 8c 0 40 0 0 73202562 0 49702069 
_C_7a10b426_0 8c 0 40 0 0 73202562 0 4f702069 
_C_59371a25_0 84 0 2 0 0 0 
_C_cbeecffb_0 84 0 4 0 0 8 
_C_e28ba066_0 8c 0 50 0 0 74202562 0 645f6f75 0 616e 
_C_40b7b035_0 8c 0 8 0 0 34 
_C_4ad046fb_0 8c 0 8 0 0 35 
_C_634f9dc3_0 8c 0 8 0 0 31 
_C_7de78691_0 8c 0 8 0 0 32 
_C_7780705f_0 8c 0 8 0 0 33 
